format: 2 (Sparse matrix)
type:   0 (double)
nnz+1: 698
field: 3 (complex)
name:  A
rows:  125
cols:  125

Valores no nulos:
(1, 1) = 0.00
(13, 1) = -0.00
(27, 1) = -0.00
(2, 2) = 0.00
(11, 2) = -0.00
(24, 2) = -0.00
(119, 2) = -0.00
(3, 3) = 1.00
(4, 4) = 0.00
(13, 4) = -0.00
(31, 4) = -0.00
(43, 4) = -0.00
(5, 5) = 0.00
(19, 5) = -0.00
(43, 5) = -0.00
(44, 5) = -0.00
(6, 6) = 0.00
(19, 6) = -0.00
(32, 6) = -0.00
(36, 6) = -0.00
(7, 7) = 0.00
(24, 7) = -0.00
(35, 7) = -0.00
(59, 7) = -0.00
(121, 7) = -0.00
(125, 7) = -0.00
(8, 8) = 0.00
(20, 8) = -0.00
(52, 8) = -0.00
(59, 8) = -0.00
(117, 8) = -0.00
(118, 8) = -0.00
(9, 9) = 1.00
(10, 10) = 0.00
(14, 10) = -0.00
(26, 10) = -0.00
(39, 10) = -0.00
(122, 10) = -0.00
(124, 10) = -0.00
(2, 11) = -0.00
(11, 11) = 0.00
(24, 11) = -0.00
(32, 11) = -0.00
(36, 11) = -0.00
(12, 12) = 0.00
(37, 12) = -0.00
(48, 12) = -0.00
(1, 13) = -0.00
(4, 13) = -0.00
(13, 13) = 0.00
(27, 13) = -0.00
(31, 13) = -0.00
(10, 14) = -0.00
(14, 14) = 0.00
(26, 14) = -0.00
(45, 14) = -0.00
(123, 14) = -0.00
(124, 14) = -0.00
(15, 15) = 0.00
(27, 15) = -0.00
(31, 15) = -0.00
(34, 15) = -0.00
(57, 15) = -0.00
(16, 16) = 0.00
(40, 16) = -0.00
(55, 16) = -0.00
(56, 16) = -0.00
(57, 16) = -0.00
(17, 17) = 0.00
(28, 17) = -0.00
(40, 17) = -0.00
(58, 17) = -0.00
(61, 17) = -0.00
(18, 18) = 0.00
(41, 18) = -0.00
(48, 18) = -0.00
(50, 18) = -0.00
(58, 18) = -0.00
(5, 19) = -0.00
(6, 19) = -0.00
(19, 19) = 0.00
(36, 19) = -0.00
(44, 19) = -0.00
(8, 20) = -0.00
(20, 20) = 0.00
(42, 20) = -0.00
(52, 20) = -0.00
(59, 20) = -0.00
(60, 20) = -0.00
(21, 21) = 0.00
(38, 21) = -0.00
(45, 21) = -0.00
(46, 21) = -0.00
(22, 22) = 0.00
(35, 22) = -0.00
(36, 22) = -0.00
(44, 22) = -0.00
(53, 22) = -0.00
(54, 22) = -0.00
(23, 23) = 0.00
(39, 23) = -0.00
(47, 23) = -0.00
(49, 23) = -0.00
(51, 23) = -0.00
(52, 23) = -0.00
(2, 24) = -0.00
(7, 24) = -0.00
(11, 24) = -0.00
(24, 24) = 0.00
(35, 24) = -0.00
(36, 24) = -0.00
(119, 24) = -0.00
(121, 24) = -0.00
(25, 25) = 1.00
(10, 26) = -0.00
(14, 26) = -0.00
(26, 26) = 0.00
(39, 26) = -0.00
(45, 26) = -0.00
(46, 26) = -0.00
(47, 26) = -0.00
(1, 27) = -0.00
(13, 27) = -0.00
(15, 27) = -0.00
(27, 27) = 0.00
(31, 27) = -0.00
(17, 28) = -0.00
(28, 28) = 0.00
(40, 28) = -0.00
(55, 28) = -0.00
(61, 28) = -0.00
(62, 28) = -0.00
(29, 29) = 0.00
(53, 29) = -0.00
(54, 29) = -0.00
(55, 29) = -0.00
(56, 29) = -0.00
(60, 29) = -0.00
(62, 29) = -0.00
(30, 30) = 0.00
(37, 30) = -0.00
(38, 30) = -0.00
(46, 30) = -0.00
(47, 30) = -0.00
(49, 30) = -0.00
(50, 30) = -0.00
(4, 31) = -0.00
(13, 31) = -0.00
(15, 31) = -0.00
(27, 31) = -0.00
(31, 31) = 0.00
(34, 31) = -0.00
(43, 31) = -0.00
(44, 31) = -0.00
(6, 32) = -0.00
(11, 32) = -0.00
(32, 32) = 0.00
(36, 32) = -0.00
(33, 33) = 1.00
(15, 34) = -0.00
(31, 34) = -0.00
(34, 34) = 0.00
(44, 34) = -0.00
(53, 34) = -0.00
(56, 34) = -0.00
(57, 34) = -0.00
(7, 35) = -0.00
(22, 35) = -0.00
(24, 35) = -0.00
(35, 35) = 0.00
(36, 35) = -0.00
(54, 35) = -0.00
(59, 35) = -0.00
(6, 36) = -0.00
(11, 36) = -0.00
(19, 36) = -0.00
(22, 36) = -0.00
(24, 36) = -0.00
(32, 36) = -0.00
(35, 36) = -0.00
(36, 36) = 0.00
(44, 36) = -0.00
(12, 37) = -0.00
(30, 37) = -0.00
(37, 37) = 0.00
(38, 37) = -0.00
(48, 37) = -0.00
(50, 37) = -0.00
(21, 38) = -0.00
(30, 38) = -0.00
(37, 38) = -0.00
(38, 38) = 0.00
(46, 38) = -0.00
(10, 39) = -0.00
(23, 39) = -0.00
(26, 39) = -0.00
(39, 39) = 0.00
(47, 39) = -0.00
(52, 39) = -0.00
(122, 39) = -0.00
(16, 40) = -0.00
(17, 40) = -0.00
(28, 40) = -0.00
(40, 40) = 0.00
(55, 40) = -0.00
(18, 41) = -0.00
(41, 41) = 0.00
(49, 41) = -0.00
(50, 41) = -0.00
(51, 41) = -0.00
(58, 41) = -0.00
(61, 41) = -0.00
(20, 42) = -0.00
(42, 42) = 0.00
(51, 42) = -0.00
(52, 42) = -0.00
(60, 42) = -0.00
(61, 42) = -0.00
(62, 42) = -0.00
(4, 43) = -0.00
(5, 43) = -0.00
(31, 43) = -0.00
(43, 43) = 0.00
(44, 43) = -0.00
(5, 44) = -0.00
(19, 44) = -0.00
(22, 44) = -0.00
(31, 44) = -0.00
(34, 44) = -0.00
(36, 44) = -0.00
(43, 44) = -0.00
(44, 44) = 0.00
(53, 44) = -0.00
(14, 45) = -0.00
(21, 45) = -0.00
(26, 45) = -0.00
(45, 45) = 0.00
(46, 45) = -0.00
(123, 45) = -0.00
(21, 46) = -0.00
(26, 46) = -0.00
(30, 46) = -0.00
(38, 46) = -0.00
(45, 46) = -0.00
(46, 46) = 0.00
(47, 46) = -0.00
(23, 47) = -0.00
(26, 47) = -0.00
(30, 47) = -0.00
(39, 47) = -0.00
(46, 47) = -0.00
(47, 47) = 0.00
(49, 47) = -0.00
(12, 48) = -0.00
(18, 48) = -0.00
(37, 48) = -0.00
(48, 48) = 0.00
(50, 48) = -0.00
(23, 49) = -0.00
(30, 49) = -0.00
(41, 49) = -0.00
(47, 49) = -0.00
(49, 49) = 0.00
(50, 49) = -0.00
(51, 49) = -0.00
(18, 50) = -0.00
(30, 50) = -0.00
(37, 50) = -0.00
(41, 50) = -0.00
(48, 50) = -0.00
(49, 50) = -0.00
(50, 50) = 0.00
(23, 51) = -0.00
(41, 51) = -0.00
(42, 51) = -0.00
(49, 51) = -0.00
(51, 51) = 0.00
(52, 51) = -0.00
(61, 51) = -0.00
(8, 52) = -0.00
(20, 52) = -0.00
(23, 52) = -0.00
(39, 52) = -0.00
(42, 52) = -0.00
(51, 52) = -0.00
(52, 52) = 0.00
(117, 52) = -0.00
(122, 52) = -0.00
(22, 53) = -0.00
(29, 53) = -0.00
(34, 53) = -0.00
(44, 53) = -0.00
(53, 53) = 0.00
(54, 53) = -0.00
(56, 53) = -0.00
(22, 54) = -0.00
(29, 54) = -0.00
(35, 54) = -0.00
(53, 54) = -0.00
(54, 54) = 0.00
(59, 54) = -0.00
(60, 54) = -0.00
(16, 55) = -0.00
(28, 55) = -0.00
(29, 55) = -0.00
(40, 55) = -0.00
(55, 55) = 0.00
(56, 55) = -0.00
(62, 55) = -0.00
(16, 56) = -0.00
(29, 56) = -0.00
(34, 56) = -0.00
(53, 56) = -0.00
(55, 56) = -0.00
(56, 56) = 0.00
(57, 56) = -0.00
(15, 57) = -0.00
(16, 57) = -0.00
(34, 57) = -0.00
(56, 57) = -0.00
(57, 57) = 0.00
(17, 58) = -0.00
(18, 58) = -0.00
(41, 58) = -0.00
(58, 58) = 0.00
(61, 58) = -0.00
(7, 59) = -0.00
(8, 59) = -0.00
(20, 59) = -0.00
(35, 59) = -0.00
(54, 59) = -0.00
(59, 59) = 0.00
(60, 59) = -0.00
(118, 59) = -0.00
(125, 59) = -0.00
(20, 60) = -0.00
(29, 60) = -0.00
(42, 60) = -0.00
(54, 60) = -0.00
(59, 60) = -0.00
(60, 60) = 0.00
(62, 60) = -0.00
(17, 61) = -0.00
(28, 61) = -0.00
(41, 61) = -0.00
(42, 61) = -0.00
(51, 61) = -0.00
(58, 61) = -0.00
(61, 61) = 0.00
(62, 61) = -0.00
(28, 62) = -0.00
(29, 62) = -0.00
(42, 62) = -0.00
(55, 62) = -0.00
(60, 62) = -0.00
(61, 62) = -0.00
(62, 62) = 0.00
(63, 63) = 0.00
(66, 63) = -0.00
(119, 63) = -0.00
(121, 63) = -0.00
(64, 64) = 1.00
(65, 65) = 1.00
(63, 66) = -0.00
(66, 66) = 0.00
(75, 66) = -0.00
(88, 66) = -0.00
(121, 66) = -0.00
(67, 67) = 0.00
(88, 67) = -0.00
(91, 67) = -0.00
(101, 67) = -0.00
(118, 67) = -0.00
(125, 67) = -0.00
(68, 68) = 0.00
(85, 68) = -0.00
(93, 68) = -0.00
(98, 68) = -0.00
(69, 69) = 0.00
(85, 69) = -0.00
(104, 69) = -0.00
(116, 69) = -0.00
(70, 70) = 0.00
(86, 70) = -0.00
(108, 70) = -0.00
(115, 70) = -0.00
(117, 70) = -0.00
(122, 70) = -0.00
(124, 70) = -0.00
(71, 71) = 0.00
(96, 71) = -0.00
(112, 71) = -0.00
(116, 71) = -0.00
(72, 72) = 0.00
(78, 72) = -0.00
(96, 72) = -0.00
(109, 72) = -0.00
(73, 73) = 0.00
(84, 73) = -0.00
(110, 73) = -0.00
(111, 73) = -0.00
(74, 74) = 0.00
(83, 74) = -0.00
(90, 74) = -0.00
(92, 74) = -0.00
(66, 75) = -0.00
(75, 75) = 0.00
(81, 75) = -0.00
(88, 75) = -0.00
(76, 76) = 1.00
(77, 77) = 1.00
(72, 78) = -0.00
(78, 78) = 0.00
(84, 78) = -0.00
(109, 78) = -0.00
(79, 79) = 0.00
(95, 79) = -0.00
(106, 79) = -0.00
(113, 79) = -0.00
(115, 79) = -0.00
(124, 79) = -0.00
(80, 80) = 1.00
(75, 81) = -0.00
(81, 81) = 0.00
(88, 81) = -0.00
(91, 81) = -0.00
(93, 81) = -0.00
(82, 82) = 0.00
(89, 82) = -0.00
(95, 82) = -0.00
(123, 82) = -0.00
(74, 83) = -0.00
(83, 83) = 0.00
(90, 83) = -0.00
(73, 84) = -0.00
(78, 84) = -0.00
(84, 84) = 0.00
(109, 84) = -0.00
(111, 84) = -0.00
(68, 85) = -0.00
(69, 85) = -0.00
(85, 85) = 0.00
(98, 85) = -0.00
(104, 85) = -0.00
(70, 86) = -0.00
(86, 86) = 0.00
(101, 86) = -0.00
(105, 86) = -0.00
(108, 86) = -0.00
(117, 86) = -0.00
(118, 86) = -0.00
(87, 87) = 0.00
(104, 87) = -0.00
(105, 87) = -0.00
(108, 87) = -0.00
(112, 87) = -0.00
(114, 87) = -0.00
(66, 88) = -0.00
(67, 88) = -0.00
(75, 88) = -0.00
(81, 88) = -0.00
(88, 88) = 0.00
(91, 88) = -0.00
(121, 88) = -0.00
(125, 88) = -0.00
(82, 89) = -0.00
(89, 89) = 0.00
(95, 89) = -0.00
(103, 89) = -0.00
(106, 89) = -0.00
(74, 90) = -0.00
(83, 90) = -0.00
(90, 90) = 0.00
(92, 90) = -0.00
(94, 90) = -0.00
(100, 90) = -0.00
(67, 91) = -0.00
(81, 91) = -0.00
(88, 91) = -0.00
(91, 91) = 0.00
(93, 91) = -0.00
(98, 91) = -0.00
(101, 91) = -0.00
(74, 92) = -0.00
(90, 92) = -0.00
(92, 92) = 0.00
(94, 92) = -0.00
(110, 92) = -0.00
(68, 93) = -0.00
(81, 93) = -0.00
(91, 93) = -0.00
(93, 93) = 0.00
(98, 93) = -0.00
(90, 94) = -0.00
(92, 94) = -0.00
(94, 94) = 0.00
(100, 94) = -0.00
(107, 94) = -0.00
(110, 94) = -0.00
(111, 94) = -0.00
(79, 95) = -0.00
(82, 95) = -0.00
(89, 95) = -0.00
(95, 95) = 0.00
(106, 95) = -0.00
(123, 95) = -0.00
(124, 95) = -0.00
(71, 96) = -0.00
(72, 96) = -0.00
(96, 96) = 0.00
(109, 96) = -0.00
(112, 96) = -0.00
(97, 97) = 0.00
(106, 97) = 0.00
(107, 97) = -0.00
(109, 97) = -0.00
(111, 97) = -0.00
(113, 97) = -0.00
(114, 97) = -0.00
(68, 98) = -0.00
(85, 98) = -0.00
(91, 98) = -0.00
(93, 98) = -0.00
(98, 98) = 0.00
(101, 98) = -0.00
(104, 98) = -0.00
(105, 98) = -0.00
(99, 99) = 1.00
(90, 100) = -0.00
(94, 100) = -0.00
(100, 100) = 0.00
(103, 100) = -0.00
(107, 100) = -0.00
(67, 101) = -0.00
(86, 101) = -0.00
(91, 101) = -0.00
(98, 101) = -0.00
(101, 101) = 0.00
(105, 101) = -0.00
(118, 101) = -0.00
(102, 102) = 1.00
(89, 103) = -0.00
(100, 103) = -0.00
(103, 103) = 0.00
(106, 103) = -0.00
(107, 103) = -0.00
(69, 104) = -0.00
(85, 104) = -0.00
(87, 104) = -0.00
(98, 104) = -0.00
(104, 104) = 0.00
(105, 104) = -0.00
(112, 104) = -0.00
(116, 104) = -0.00
(86, 105) = -0.00
(87, 105) = -0.00
(98, 105) = -0.00
(101, 105) = -0.00
(104, 105) = -0.00
(105, 105) = 0.00
(108, 105) = -0.00
(79, 106) = -0.00
(89, 106) = -0.00
(95, 106) = -0.00
(97, 106) = 0.00
(103, 106) = -0.00
(106, 106) = 0.00
(107, 106) = -0.00
(113, 106) = -0.00
(94, 107) = -0.00
(97, 107) = -0.00
(100, 107) = -0.00
(103, 107) = -0.00
(106, 107) = -0.00
(107, 107) = 0.00
(111, 107) = -0.00
(70, 108) = -0.00
(86, 108) = -0.00
(87, 108) = -0.00
(105, 108) = -0.00
(108, 108) = 0.00
(113, 108) = 0.00
(114, 108) = -0.00
(115, 108) = -0.00
(72, 109) = -0.00
(78, 109) = -0.00
(84, 109) = -0.00
(96, 109) = -0.00
(97, 109) = -0.00
(109, 109) = 0.00
(111, 109) = -0.00
(112, 109) = -0.00
(114, 109) = -0.00
(73, 110) = -0.00
(92, 110) = -0.00
(94, 110) = -0.00
(110, 110) = 0.00
(111, 110) = -0.00
(73, 111) = -0.00
(84, 111) = -0.00
(94, 111) = -0.00
(97, 111) = -0.00
(107, 111) = -0.00
(109, 111) = -0.00
(110, 111) = -0.00
(111, 111) = 0.00
(71, 112) = -0.00
(87, 112) = -0.00
(96, 112) = -0.00
(104, 112) = -0.00
(109, 112) = -0.00
(112, 112) = 0.00
(114, 112) = -0.00
(116, 112) = -0.00
(79, 113) = -0.00
(97, 113) = -0.00
(106, 113) = -0.00
(108, 113) = 0.00
(113, 113) = 0.00
(114, 113) = -0.00
(115, 113) = -0.00
(87, 114) = -0.00
(97, 114) = -0.00
(108, 114) = -0.00
(109, 114) = -0.00
(112, 114) = -0.00
(113, 114) = -0.00
(114, 114) = 0.00
(70, 115) = -0.00
(79, 115) = -0.00
(108, 115) = -0.00
(113, 115) = -0.00
(115, 115) = 0.00
(124, 115) = -0.00
(69, 116) = -0.00
(71, 116) = -0.00
(104, 116) = -0.00
(112, 116) = -0.00
(116, 116) = 0.00
(8, 117) = -0.00
(52, 117) = -0.00
(70, 117) = -0.00
(86, 117) = -0.00
(117, 117) = 0.00
(118, 117) = -0.00
(122, 117) = -0.00
(8, 118) = -0.00
(59, 118) = -0.00
(67, 118) = -0.00
(86, 118) = -0.00
(101, 118) = -0.00
(117, 118) = -0.00
(118, 118) = 0.00
(125, 118) = -0.00
(2, 119) = -0.00
(24, 119) = -0.00
(63, 119) = -0.00
(119, 119) = 0.00
(121, 119) = -0.00
(120, 120) = 1.00
(7, 121) = -0.00
(24, 121) = -0.00
(63, 121) = -0.00
(66, 121) = -0.00
(88, 121) = -0.00
(119, 121) = -0.00
(121, 121) = 0.00
(125, 121) = -0.00
(10, 122) = -0.00
(39, 122) = -0.00
(52, 122) = -0.00
(70, 122) = -0.00
(117, 122) = -0.00
(122, 122) = 0.00
(124, 122) = -0.00
(14, 123) = -0.00
(45, 123) = -0.00
(82, 123) = -0.00
(95, 123) = -0.00
(123, 123) = 0.00
(124, 123) = 0.00
(10, 124) = -0.00
(14, 124) = -0.00
(70, 124) = -0.00
(79, 124) = -0.00
(95, 124) = -0.00
(115, 124) = -0.00
(122, 124) = -0.00
(123, 124) = 0.00
(124, 124) = 0.00
(7, 125) = -0.00
(59, 125) = -0.00
(67, 125) = -0.00
(88, 125) = -0.00
(118, 125) = -0.00
(121, 125) = -0.00
(125, 125) = 0.00
